1498,1041,1368,1347,1255,1248,1327,1439,1137,1370,1467,1226,1369,1186,1213,1451,1124,1431,1293,1253,1342,1108,1180,1346
1371,1013,1104,1499,1184,1251,1295,1312,1433,1165,1300,1378,1473,1118,1363,1249,1110,1149
1265,1167,1230,1252,1223,1404,1354,1182,1200,1129
1057,1361,1374,1150,1173,1410,1142
1207,1399,1189,1103,1330,1263,1296,1319
1191,1483,1469,1204,1435,1456,1428,1156
1199,1391,1278,1486,1348,1197
1143,1367,1163,1304,1434,1381,1355,1438,1279,1217,1380,1324
1087,1141,1151,1494,1373,1220,1286
1458,1234,1321,1100,1170,1385,1493,1474,1379,1147,1405,1481,1159,1362,1305,1139
1429,1416,1495,1326,1224,1406,1205,1393,1106,1417,1323,1221,1134,1275,1102,1195,1281,1299,1351
1098,1343,1334,1496,1127,1277
1192,1210,1484,1282,1340,1403,1303,1140
1322,1209,1126,1388,1339,1153,1460,1349
1314,1480,1466,1257,1397,1345,1475,1436,1246,1477,1132,1172,1490
1125,1307,1398,1113
1154,1315,1420,1176,1152
1273,1465,1174,1228,1487,1290,1177,1394,1178
1344,1301,1112,1270,1092,1308
1411,1231,1164,1287,1284,1211,1497,1365,1382
1500,1402,1239,1096,1478,1254
1058,1333,1202,1383,1261,1245,1445,1424,1450,1489,1171,1130
1060,1306,1446,1359,1457,1328,1396,1440,1145,1336
1115,1183,1459,1491,1471,1464,1357,1169,1425,1233,1243,1455,1408,1423
1079,1482,1262,1395,1219
1119,1238,1401,1390,1244,1148,1274,1360,1268,1291,1135
1080,1422,1384,1181,1297,1364,1449,1194,1376,1311,1193
1155,1283,1470,1332,1421,1444,1409,1389,1267,1216,1206,1462
1101,1313,1338,1350,1356,1175,1461,1352,1325,1241,1179