1498
1041
1368
1347
1255
1248
1327
1439
1137
1370
1467
1226
1369
1186
1213
1451
1124
1431
1293
1253
1342
1108
1180
1346
1371
1013
1104
1499
1184
1251
1295
1312
1433
1165
1300
1378
1473
1118
1363
1249
1110
1149
1305
1100
1139
1481
1385
1147
1321
1493
1458
1170
1379
1234
1362
1405
1159
1474
1092
1270
1344
1112
1308
1301
1398
1125
1307
1113
1195
1224
1281
1275
1406
1323
1102
1299
1134
1326
1106
1416
1205
1221
1495
1393
1429
1351
1417
1254
1096
1402
1478
1239
1500
1193
1080
1364
1181
1449
1311
1422
1194
1297
1384
1376
1286
1087
1151
1220
1141
1494
1373
1257
1172
1132
1490
1246
1466
1475
1314
1397
1436
1480
1345
1477
1424
1058
1261
1171
1333
1445
1450
1202
1130
1383
1245
1489
1456
1191
1428
1483
1469
1156
1204
1435
1394
1228
1290
1465
1178
1177
1174
1487
1273
1388
1209
1460
1126
1322
1339
1349
1153
1360
1119
1135
1238
1244
1268
1401
1148
1274
1390
1291
1438
1143
1434
1380
1367
1355
1279
1163
1324
1304
1381
1217
1169
1115
1233
1423
1471
1243
1491
1464
1408
1183
1425
1357
1459
1455
1241
1101
1356
1461
1313
1352
1175
1350
1179
1338
1325
1154
1207
1098
1060
1319
1189
1330
1296
1399
1263
1103
1223
1230
1167
1182
1354
1265
1129
1252
1404
1200
1127
1343
1496
1277
1334
1328
1359
1457
1145
1306
1440
1396
1446
1336
1176
1315
1152
1420
1365
1211
1411
1287
1382
1231
1284
1497
1164
1057
1173
1374
1410
1361
1150
1142
1403
1192
1282
1303
1210
1340
1140
1484
1409
1155
1421
1216
1470
1462
1444
1332
1206
1283
1389
1267
1486
1199
1348
1391
1278
1197
1395
1079
1262
1219
1482